# Carbopack F Graphitized Carbon Black, N2, 77.4 K, data, t
# M. Kruk et al., Langmuir 15 (1999) 1435-1441.
# BET specific surface area (m2/g): 6.2
# total pore volume (cm3/g): 0.02
# % graphite crystallinity: 95
# adsorption potential of monolayer formation (kJ/mol): 5.55
# adsorption potential of two-dimensional fluid-solid phase transition (kJ/mol): 3.12
# V(alpha-s=1) = V(P/P0=0.4) = V0.4 = 2.658 [cm3(STP)/g], S(BET) = 6.2 [m2/g]
# S(alpha-s)[m2/g] = slope[cm3(STP)/g] * 6.2/2.658 = slope[cm3(STP)/g] * 2.332581
# [pyGASP] BET surface area: a = 7 m2/g, The BET constant is: C = 1728, Amount for a monolayer: n = 7e-05 mol/g
#   Amount for a monolayer: n = 7e-05 / (1/1000/22.414) = 7e-05 / 4.461e-5 = 1.569155 [cm3(STP)/g]
# Graphitized_Carbon_Blacks, 
# P/P0, alpha-s, V[cm3(STP)/g], t[nm]
4.13E-06, 0.0041, 0.0108978, 0.002458534
9.01E-06, 0.0083, 0.0220614, 0.004977033
1.39E-05, 0.0124, 0.0329592, 0.007435567
1.87E-05, 0.0166, 0.0441228, 0.009954065
2.33E-05, 0.0207, 0.0550206, 0.012412599
2.78E-05, 0.0248, 0.0659184, 0.014871134
3.22E-05, 0.029, 0.077082, 0.017389632
3.65E-05, 0.0332, 0.0882456, 0.01990813
4.07E-05, 0.0373, 0.0991434, 0.022366665
4.84E-05, 0.0453, 0.1204074, 0.027163804
5.58E-05, 0.0532, 0.1414056, 0.03190098
6.29E-05, 0.0612, 0.1626696, 0.03669812
6.96E-05, 0.0692, 0.1839336, 0.04149526
7.61E-05, 0.0772, 0.2051976, 0.0462924
8.24E-05, 0.0851, 0.2261958, 0.051029575
8.85E-05, 0.0931, 0.2474598, 0.055826715
9.44E-05, 0.101, 0.268458, 0.060563891
1.00E-04, 0.109, 0.289722, 0.065361031
1.06E-04, 0.117, 0.310986, 0.07015817
1.11E-04, 0.125, 0.33225, 0.07495531
1.17E-04, 0.133, 0.353514, 0.07975245
1.22E-04, 0.141, 0.374778, 0.08454959
1.28E-04, 0.149, 0.396042, 0.08934673
1.33E-04, 0.157, 0.417306, 0.09414387
1.39E-04, 0.165, 0.43857, 0.09894101
1.46E-04, 0.173, 0.459834, 0.10373815
1.52E-04, 0.181, 0.481098, 0.108535289
1.57E-04, 0.189, 0.502362, 0.113332429
1.63E-04, 0.197, 0.523626, 0.118129569
1.69E-04, 0.205, 0.54489, 0.122926709
1.75E-04, 0.213, 0.566154, 0.127723849
1.82E-04, 0.221, 0.587418, 0.132520989
1.88E-04, 0.229, 0.608682, 0.137318129
1.95E-04, 0.237, 0.629946, 0.142115268
2.02E-04, 0.245, 0.65121, 0.146912408
2.09E-04, 0.253, 0.672474, 0.151709548
2.17E-04, 0.261, 0.693738, 0.156506688
2.25E-04, 0.269, 0.715002, 0.161303828
2.34E-04, 0.276, 0.733608, 0.165501325
2.43E-04, 0.284, 0.754872, 0.170298465
2.53E-04, 0.292, 0.776136, 0.175095605
2.63E-04, 0.299, 0.794742, 0.179293102
2.74E-04, 0.307, 0.816006, 0.184090242
2.86E-04, 0.315, 0.83727, 0.188887382
3.00E-04, 0.323, 0.858534, 0.193684522
3.15E-04, 0.331, 0.879798, 0.198481662
3.31E-04, 0.339, 0.901062, 0.203278802
3.50E-04, 0.347, 0.922326, 0.208075942
3.71E-04, 0.354, 0.940932, 0.212273439
3.94E-04, 0.362, 0.962196, 0.217070579
4.21E-04, 0.369, 0.980802, 0.221268076
4.49E-04, 0.377, 1.002066, 0.226065216
4.82E-04, 0.385, 1.02333, 0.230862356
5.22E-04, 0.392, 1.041936, 0.235059853
5.67E-04, 0.4, 1.0632, 0.239856993
6.20E-04, 0.407, 1.081806, 0.24405449
6.82E-04, 0.414, 1.100412, 0.248251988
7.54E-04, 0.422, 1.121676, 0.253049128
8.85E-04, 0.432, 1.148256, 0.259045553
1.05E-03, 0.442, 1.174836, 0.265041977
1.26E-03, 0.451, 1.198758, 0.27043876
1.53E-03, 0.46, 1.22268, 0.275835542
1.90E-03, 0.469, 1.246602, 0.281232324
2.34E-03, 0.477, 1.267866, 0.286029464
2.88E-03, 0.484, 1.286472, 0.290226962
3.51E-03, 0.491, 1.305078, 0.294424459
4.22E-03, 0.497, 1.321026, 0.298022314
5.01E-03, 0.502, 1.334316, 0.301020526
5.85E-03, 0.507, 1.347606, 0.304018739
6.73E-03, 0.511, 1.358238, 0.306417309
7.67E-03, 0.519, 1.379502, 0.311214449
8.09E-03, 0.528, 1.403424, 0.316611231
8.72E-03, 0.535, 1.42203, 0.320808728
9.50E-03, 0.54, 1.43532, 0.323806941
0.0104, 0.544, 1.445952, 0.326205511
0.0125, 0.549, 1.459242, 0.329203723
0.015, 0.553, 1.469874, 0.331602293
0.0176, 0.555, 1.47519, 0.332801578
0.0201, 0.558, 1.483164, 0.334600505
0.0253, 0.561, 1.491138, 0.336399433
0.0301, 0.564, 1.499112, 0.33819836
0.0402, 0.569, 1.512402, 0.341196573
0.0501, 0.574, 1.525692, 0.344194785
0.0604, 0.579, 1.538982, 0.347192998
0.0702, 0.584, 1.552272, 0.35019121
0.0804, 0.589, 1.565562, 0.353189422
0.0903, 0.594, 1.578852, 0.356187635
0.1, 0.599, 1.592142, 0.359185847
0.12, 0.609, 1.618722, 0.365182272
0.14, 0.621, 1.650618, 0.372377982
0.16, 0.635, 1.68783, 0.380772977
0.18, 0.653, 1.735674, 0.391566541
0.2, 0.671, 1.783518, 0.402360106
0.224, 0.703, 1.868574, 0.421548665
0.249, 0.739, 1.964262, 0.443135795
0.273, 0.782, 2.078556, 0.468920422
0.297, 0.829, 2.203482, 0.497103618
0.322, 0.878, 2.333724, 0.5264861
0.351, 0.923, 2.453334, 0.553470012
0.375, 0.967, 2.570286, 0.579854281
0.4, 1, 2.658, 0.599642483
0.425, 1.03, 2.73774, 0.617631757
0.45, 1.057, 2.809506, 0.633822104
0.475, 1.082, 2.875956, 0.648813166
0.5, 1.107, 2.942406, 0.663804228
0.525, 1.133, 3.011514, 0.679394933
0.55, 1.158, 3.077964, 0.694385995
0.575, 1.186, 3.152388, 0.711175985
0.6, 1.219, 3.240102, 0.730964186
0.625, 1.254, 3.333132, 0.751951673
0.65, 1.295, 3.44211, 0.776537015
0.675, 1.341, 3.564378, 0.804120569
0.7, 1.393, 3.702594, 0.835301978
0.725, 1.449, 3.851442, 0.868881957
0.75, 1.51, 4.01358, 0.905460149
0.774, 1.574, 4.183692, 0.943837268
0.799, 1.644, 4.369752, 0.985812242
0.819, 1.708, 4.539864, 1.024189361
0.839, 1.781, 4.733898, 1.067963262
0.859, 1.867, 4.962486, 1.119532515
0.878, 1.973, 5.244234, 1.183094618
0.899, 2.12, 5.63496, 1.271242063
0.911, 2.22, 5.90076, 1.331206312
0.92, 2.32, 6.16656, 1.39117056
0.929, 2.44, 6.48552, 1.463127658
0.939, 2.6, 6.9108, 1.559070455
0.948, 2.81, 7.46898, 1.684995376
0.958, 3.12, 8.29296, 1.870884546
0.967, 3.51, 9.32958, 2.104745114
0.973, 3.98, 10.57884, 2.386577081
0.985, 5.59, 14.85822, 3.352001479
